Contact Name,ID,ID Type,Receive Tone,Ring Style
All Calls, 1677215,Group,Off,0
TG1 WW, 1,Group,Off,0
TG5 VK Nets, 5,Group,Off,0
TG8 StateLnkd, 8,Group,Off,0
TG9 Local, 9,Group,Off,0
TG13 WWE, 13,Group,Off,0
TG30 JOTA, 30,Group,Off,0
TG100 TechTalk, 100,Group,Off,0
TG113 UA Eng1, 113,Group,Off,0
TG123 UA Eng2, 123,Group,Off,0
TG133 DMR+USA, 133,Group,Off,0
TG143 DMR+UK, 143,Group,Off,0
TG153 DMR+SthPac, 153,Group,Off,0
Private, 315,Group,On,0
TG505 AU, 505,Group,Off,0
TAXI GN, 950,Group,Off,0
TG3800 AU, 3800,Group,Off,0
TG3801 ACT, 3801,Group,Off,0
TG3802 NSW, 3802,Group,Off,0
TG3803 Vic, 3803,Group,Off,0
TG3804 Qld, 3804,Group,Off,0
TG3805 SA, 3805,Group,Off,0
TG3806 WA, 3806,Group,Off,0
TG3807 Tas, 3807,Group,Off,0
TG3808 VK8, 3808,Group,Off,0
TG3809 VK9, 3809,Group,Off,0
Reflctr Discnct, 4000,Group,Off,0
Rpt Status, 5000,Group,Off,0
TG5050 AU BM, 5050,Group,Off,0
TG5051 ACT BM, 5051,Group,Off,0
TG5052 NSW BM, 5052,Group,Off,0
TG5053 Vic BM, 5053,Group,Off,0
TG5054 Qld BM, 5054,Group,Off,0
TG5055 SA BM, 5055,Group,Off,0
TG5056 WA BM, 5056,Group,Off,0
TG5057 Tas BM, 5057,Group,Off,0
TG50599 YSF, 50599,Group,Off,0
BM Local, 505001,Group,Off,0
TG91 BM WW, 91,Group,Off,0
TG913 BM WWE, 913,Group,Off,0
TG923 BM EU E, 923,Group,Off,0
TG95 BM PacRim, 95,Group,Off,0
VK WICEN BM, 50566,Group,Off,0
ref4581 tg133 US, 4581,Private,Off,0
ref4404 tg143, 143,Private,On,0
ref4851 tg153 SP, 4851,Private,Off,0
ref4800 tf3800, 4800,Private,Off,0
ref4801 tg3801, 4801,Private,Off,0
ref4802 tg3802, 4802,Private,Off,0
ref4803 tg3803, 4803,Private,Off,0
ref4804 tg3804, 4804,Private,Off,0
ref4805 tg3805, 4805,Private,Off,0
ref4806 tg3806, 4806,Private,Off,0
ref4807 tg3807, 4807,Private,Off,0
Parrot 9990, 9990,Private,On,0
TG26204, 26204,Group,Off,0
TG31665, 31665,Group,Off,0
JDW Lewis, 5052080,Private,On,0
VK2JUZ, 5052300,Private,On,0
VK2KVP Det, 5052359,Private,On,0
VK2MCA, 5052011,Private,On,0
VK2MCA/M, 5052097,Private,On,0
VK2MCA/P, 5052041,Private,On,0
VK2MRC, 5052073,Private,On,0
VK2PET Pete, 5052365,Private,On,0
VK2PGK Graeme, 5053161,Private,On,0
VK2SI Fred, 5052405,Private,On,0
VK2VCR, 5052325,Private,On,0
VK2YHX Spero, 5052094,Private,On,0
VK2YMC, 5052323,Private,On,0
VK3FJC Guill, 5053214,Private,On,0
VK3HDX Don, 5053275,Private,On,0
VK3JMA Mark, 5053123,Private,On,0
VK3PKG, 5053161,Private,On,0
VK4MAC Brendan, 5054192,Private,On,0
VK4TIM Tim, 5054033,Private,On,0
VK4TUX, 5054035,Private,On,0
VK5GS , 5055048,Private,On,0
VK5TT Tony, 5055051,Private,On,0
VK6LD Robert, 5056006,Private,On,0
VK6LS Stuart, 5053214,Private,On,0
VK7WP Ross, 5057068,Private,On,0
VK4RT Bob, 5054078,Private,On,0
TG6 DStar, 6,Group,On,0
VK3IC John, 5053022,Private,Off,0
VK4PC Peter, 5054020,Private,Off,0
VK4KZK Mark, 5054014,Private,Off,0
VK4CJE Chris, 5054008,Private,Off,0
VK3XPT Perrin, 5053025,Private,Off,0
VK6KSA Sam, 5056017,Private,Off,0
VK4GO Art, 5054030,Private,Off,0
VK4HVU Adrian, 5054028,Private,Off,0
VK3WH Andrew, 5053035,Private,Off,0
VK3BLS Benjamin, 5053031,Private,Off,0
VK3JPH Phill, 5053020,Private,Off,0
VK6TWO Heath, 5056002,Private,Off,0
VK8AA David, 5058001,Private,Off,0
VK2ERG Earnest, 5052039,Private,Off,0
VK6WT Paul, 5056024,Private,Off,0
VK6OK Craig, 5056009,Private,Off,0
VK6RX John, 5056028,Private,Off,0
VK2RM Andy, 5052020,Private,Off,0
VK4SM steven, 5054058,Private,Off,0
VK4UT Ben, 5054011,Private,Off,0
VK2VB Harry, 5052059,Private,Off,0
VK4PM Maclaurin, 5054061,Private,Off,0
VK2HLT Tim, 5052023,Private,Off,0
VK2FECK Stewart, 5052058,Private,Off,0
VK2TY Carlos, 5052128,Private,Off,0
VK4DAK David, 5054087,Private,Off,0
VK2NIJ Joel, 5052012,Private,Off,0
VK6AXB Anthony, 5056034,Private,Off,0
VK6AS Andrew, 5056021,Private,Off,0
VK6MHZ Mitchell, 5056044,Private,Off,0
VK4AA Sam, 5054064,Private,Off,0
VK6DMR Matthew, 5056040,Private,Off,0
VK2GUY Jason, 5052056,Private,Off,0
VK2MBA Bernie, 5052048,Private,Off,0
VK2AAH Richard, 5052038,Private,Off,0
VK6NAH James, 5056032,Private,Off,0
VK2CU Justin, 5052010,Private,Off,0
VK2EDM Ed, 5052124,Private,Off,0
VK2NPW Peter, 5052156,Private,Off,0
VK2MED Joshua, 5052031,Private,Off,0
VK2JPK Philip, 5052184,Private,Off,0
VK4ZUK Danny, 5054006,Private,Off,0
VK3TWO Heath, 5053038,Private,Off,0
VK2DAY Rod, 5052049,Private,Off,0
VK1NRU SUE, 5051005,Private,Off,0
VK2PJF Peter, 5052160,Private,Off,0
VK2MWP Andrew, 5052191,Private,Off,0
VK2IUW Hil, 5052158,Private,Off,0
VK2EMI Mark, 5052202,Private,Off,0
VK5SIX John, 5055020,Private,Off,0
VK5MLB Matt, 5055011,Private,Off,0
VK5SRP Philip, 5055018,Private,Off,0
VK2UMZ Muz, 5052168,Private,Off,0
VK4AA Samantha, 5054063,Private,Off,0
VK6AG John, 5056013,Private,Off,0
VK1AD Andrew, 5051025,Private,Off,0
VK1JAM Morten, 5051009,Private,Off,0
VK3TE Peter, 5053011,Private,Off,0
VK6XI Gerald, 5056073,Private,Off,0
VK2LAX Jarman, 5052112,Private,Off,0
VK6KSA Sam, 5056015,Private,Off,0
VK2HGC Christian, 5052161,Private,Off,0
VK6HSV Arthur, 5056029,Private,Off,0
VK1DW Dean, 5051023,Private,Off,0
VK5FBFB Brendan, 5055001,Private,Off,0
VK3EEE Dallas, 5053104,Private,Off,0
VK2OK Allan, 5052211,Private,Off,0
VK2DRK Derek, 5052213,Private,Off,0
VK4TB Les, 5054126,Private,Off,0
VK4ZXI Andrew, 5054129,Private,Off,0
VK2FGV Shannon, 5051044,Private,Off,0
VK6NOL Larry, 5056072,Private,Off,0
AX4TUX Adrian, 5054099,Private,Off,0
VK3JED Antony, 5053029,Private,Off,0
VK5FBFB Brendan, 5055002,Private,Off,0
VK3HAW Stephen, 5053131,Private,Off,0
VK1OC Robert, 5051038,Private,Off,0
VK4CBW Wallace, 5054096,Private,Off,0
VK6KPS Phil, 5056077,Private,Off,0
VK6MAH Matt, 5056078,Private,Off,0
VK3TE Peter, 5053007,Private,Off,0
VK1MTS Roald, 5051034,Private,Off,0
VK2FGAC Joshua, 5052174,Private,Off,0
VK2NWB William, 5052171,Private,Off,0
VK2UMC Michael, 5052028,Private,Off,0
VK6ER Mel, 5056068,Private,Off,0
VK4JLM Joshua, 5054046,Private,Off,0
VK2BOS Steven, 5052072,Private,Off,0
VK2TAZ Bradley, 5052253,Private,Off,0
VK2MW Mal, 5052199,Private,Off,0
VK2EVB Peter, 5052084,Private,Off,0
VK3SAJ Scout, 5053005,Private,Off,0
ZZ1Z Sergio, 5052153,Private,Off,0
VK6MAC Anthony, 5056085,Private,Off,0
VK5DF Daniel, 5055033,Private,Off,0
VK2SRD Steven, 5052206,Private,Off,0
VK5ZVS Stephanie, 5055031,Private,Off,0
VK2OE Rowan, 5052069,Private,Off,0
VK2MD Steve, 5052032,Private,Off,0
VK2XRL Ryan, 5052067,Private,Off,0
VK2GX Paul, 5052116,Private,Off,0
VK2DOC Benno, 5052071,Private,Off,0
VK6ZFG Igor, 5056004,Private,Off,0
VK6CD Cedric, 5056083,Private,Off,0
VK2WIH Hunter, 5052117,Private,Off,0
VK2PPM Peter, 5052187,Private,Off,0
VK2GD Sergio, 5052102,Private,Off,0
VK2MPJ Peter, 5052141,Private,Off,0
VK3ECH Rob, 5053127,Private,Off,0
AX2GG Dan, 5052154,Private,Off,0
VK4FABB Brandon, 5054041,Private,Off,0
VK2SM Greg, 5052024,Private,Off,0
VK3BDG Barry, 5053067,Private,Off,0
VK4GRA Graham, 5054089,Private,Off,0
VK3TE Peter, 5053012,Private,Off,0
VK7WL Larry, 5057015,Private,Off,0
VK4NFL Ian, 5054145,Private,Off,0
VK2EY Doug, 5052093,Private,Off,0
VK3TYR Eddie, 5053090,Private,Off,0
VK5BJE Maurice, 5055017,Private,Off,0
VK7FROG Lynette, 5057013,Private,Off,0
VK6NJW Norman, 5056039,Private,Off,0
VK6MST Allan, 5056055,Private,Off,0
VK6AAH Robert, 5056041,Private,Off,0
VK6ZGN Bob, 5056020,Private,Off,0
VK2AMV Lindsay, 5052242,Private,Off,0
VK3BT Ash, 5053150,Private,Off,0
VK4TUB Kery, 5054022,Private,Off,0
VK2MJM Jeremy, 5052278,Private,Off,0
VK4VBU Gregory, 5054062,Private,Off,0
VK3TE Peter, 5053013,Private,Off,0
VK2DAG Matt, 5052047,Private,Off,0
VK5CQ Chuck, 5055027,Private,Off,0
VK7AGR Aaron, 5057045,Private,Off,0
VK4EB Alan, 5054026,Private,Off,0
VK4EE David, 5054042,Private,Off,0
VK4ZPU Colin, 5054098,Private,Off,0
VK1SP Paul, 5051050,Private,Off,0
VK1MA Matt, 5051019,Private,Off,0
VK3XF W, 5053143,Private,Off,0
VK6HGR Gavin, 5051012,Private,Off,0
VK3BDG Barry, 5053068,Private,Off,0
VK3DET Ernie, 5053069,Private,Off,0
VK2UAL Richard, 5052063,Private,Off,0
VK3KCS Graham, 5053080,Private,Off,0
VK3BQO Albert, 5053133,Private,Off,0
VK3KDA Terry, 5053076,Private,Off,0
VK2OMD Owen, 5052214,Private,Off,0
VK2OMD Owen, 5052201,Private,Off,0
VK2KN Peter, 5052203,Private,Off,0
VK3ZAU Chris, 5053118,Private,Off,0
VK3EHG Hirotaka, 5053071,Private,Off,0
VK4NRL Richard, 5054084,Private,Off,0
VK6DY Mark, 5056054,Private,Off,0
VK3CKD Victor, 5053166,Private,Off,0
VK1RW Robert, 5051017,Private,Off,0
VK2JHG Jim, 5052219,Private,Off,0
VK7ALH Ross, 5057052,Private,Off,0
VK3FRC Frankston, 5053039,Private,Off,0
VK1EA Carlos, 5051039,Private,Off,0
VK3BJK Shane, 5053128,Private,Off,0
VK6XCJ Christie, 5056010,Private,Off,0
VK3KAA Ka, 5053116,Private,Off,0
VK3XDE Paul, 5053001,Private,Off,0
VK6BFO Allen, 5056023,Private,Off,0
VK5ZAN P, 5055022,Private,Off,0
VK6KIF Alasdair, 5056038,Private,Off,0
VK6ZTN Joe, 5056003,Private,Off,0
VK3YY Gl, 5053132,Private,Off,0
VK3EAV Adam, 5053078,Private,Off,0
VK3UJ Stephen, 5053182,Private,Off,0
VK4DU Glenn, 5054038,Private,Off,0
VK2YGM Peter, 5052200,Private,Off,0
VK5MAR Martin, 5055041,Private,Off,0
VK4ZJE Wj, 5054086,Private,Off,0
VK3TQ Willmott, 5053066,Private,Off,0
VK3LJB Jan, 5053037,Private,Off,0
VK4QF Andrew, 5054003,Private,Off,0
VK3TE Peter, 5053014,Private,Off,0
VK6ML Matthew, 5056061,Private,Off,0
VK5ZJW Aj, 5055026,Private,Off,0
VK2JN James, 5052150,Private,Off,0
VK3JCH Craig, 5053016,Private,Off,0
VK3NE Graeme, 5053190,Private,Off,0
VK4GQ Paul, 5054013,Private,Off,0
VK3ZFS Frank, 5053088,Private,Off,0
VK2AXA Alan, 5052162,Private,Off,0
VK3JJL Jack, 5053099,Private,Off,0
VK2ZB Mark, 5052016,Private,Off,0
VK2CAA Issy, 5052055,Private,Off,0
VK3LJB Jan, 5053036,Private,Off,0
VK4FSD Peter, 5054036,Private,Off,0
VK6XLR Rick, 5056007,Private,Off,0
VK3ET Emil, 5053175,Private,Off,0
VK2VRB Belayet, 5052007,Private,Off,0
VK6XLR Rick, 5056101,Private,Off,0
VK2EHQ Peter, 5052077,Private,Off,0
VK2EJM John, 5052284,Private,Off,0
VK2SON Lez, 5052246,Private,Off,0
VK4BIT Neil, 5054016,Private,Off,0
VK1PZH Steven, 5051032,Private,Off,0
VK3CDN Craig, 5053023,Private,Off,0
VK2ERG Earnest, 5052078,Private,Off,0
VK2DTW Richard, 5052311,Private,Off,0
VK1MCK Robert, 5051014,Private,Off,0
VK2ASY Kim, 5052280,Private,Off,0
VK2ZRJ Robert, 5052338,Private,Off,0
VK2FKLM Mark, 5052188,Private,Off,0
VK3XKA Andy, 5053061,Private,Off,0
VK7MX William, 5057007,Private,Off,0
VK1ANK Neil, 5051004,Private,Off,0
VK4LKB Kerry, 5054159,Private,Off,0
AX2HK Ian, 5052155,Private,Off,0
VK5PO John, 5055019,Private,Off,0
VK2LCD Damien, 5052099,Private,Off,0
VK3TUL Jj, 5053107,Private,Off,0
VK2MRC Matt, 5052317,Private,Off,0
VK3TJF Charles, 5053160,Private,Off,0
VK6RK Rick, 5056104,Private,Off,0
VK6ZTN Joe, 5056001,Private,Off,0
VK7DY Ken, 5057023,Private,Off,0
VK2XII Richard, 5052319,Private,Off,0
VK2RH Stephen, 5052358,Private,Off,0
VK7BE Barry, 5057055,Private,Off,0
VK2FGV Shannon, 5052231,Private,Off,0
VK7MRS Michael, 5057050,Private,Off,0
VK7ZBW Mike, 5057063,Private,Off,0
VK2YV Robert, 5052046,Private,Off,0
VK4APN Paul, 5054047,Private,Off,0
VK4TMT Michael, 5054150,Private,Off,0
VK6ML Mathew, 5056030,Private,Off,0
VK2FP Bj, 5052362,Private,Off,0
VK2CTB Colin, 5052234,Private,Off,0
VK2VRK Roger, 5052244,Private,Off,0
VK7AD Andrew, 5057026,Private,Off,0
VK2IP John, 5052030,Private,Off,0
VK2GWO Foord, 5052130,Private,Off,0
VK2NGL Angela, 5052131,Private,Off,0
VK2KS Nigel, 5052224,Private,Off,0
VK3TE Peter, 5053008,Private,Off,0
VK7PLR Peter, 5057049,Private,Off,0
VK1VMA Mathew, 5051002,Private,Off,0
VK2OE Ian, 5052361,Private,Off,0
VK6AKR Denis, 5056098,Private,Off,0
VK4DA Bob, 5054154,Private,Off,0
VK7ZIR Id, 5057011,Private,Off,0
VK2ZSA Paul, 5052209,Private,Off,0
VK3MJM Mathew, 5053125,Private,Off,0
VK6GGS Girl, 5056107,Private,Off,0
VK6HM Warren, 5056063,Private,Off,0
VK6WH West, 5056048,Private,Off,0
VK7PLR Peter, 5057064,Private,Off,0
VK2NMF Max, 5052217,Private,Off,0
VK4AIR Jeremy, 5054167,Private,Off,0
VK7KPC Peter, 5057034,Private,Off,0
VK4APM Aidan, 5054162,Private,Off,0
VK4UQ David, 5054085,Private,Off,0
VK4EA Peter, 5054050,Private,Off,0
VK5MA Ian, 5055035,Private,Off,0
VK2AET Scott, 5052371,Private,Off,0
VK1PT Noel, 5051033,Private,Off,0
VK4WA , 5054037,Private,Off,0
VK7EV Eric, 5057059,Private,Off,0
VK2KMI Kimberly, 5052190,Private,Off,0
VK3PZ John, 5053232,Private,Off,0
VK4LUB Peter, 5054161,Private,Off,0
VK1MRH Bob, 5051011,Private,Off,0
VK2ARO Danny, 5052088,Private,Off,0
VK2FEB Jan, 5052133,Private,Off,0
VK2YLO John, 5052001,Private,Off,0
VK4QF Andrew, 5054004,Private,Off,0
VK7TM Mike, 5057061,Private,Off,0
VK6LVI Ben, 5056047,Private,Off,0
VK4IE John, 5054140,Private,Off,0
VK6ZLT Td, 5056079,Private,Off,0
VK2VJZ James, 5052147,Private,Off,0
VK2NQ Briam, 5052108,Private,Off,0
VK1BGT Ingmar, 5051040,Private,Off,0
VK1MDJ Darren, 5051029,Private,Off,0
VK6VET Warren, 5056062,Private,Off,0
VK2TNT Mike, 5052378,Private,Off,0
VK7MD Mike, 5057078,Private,Off,0
VK1NUT Glenn, 5051054,Private,Off,0
VK4GJW Greg, 5054148,Private,Off,0
VK3GTS Philip, 5053250,Private,Off,0
VK2XRH Robert, 5052143,Private,Off,0
VK3MCD Brian, 5053111,Private,Off,0
VK4TDI David, 5054074,Private,Off,0
VK4PF Ian, 5054190,Private,Off,0
VK3TYR Eddie, 5053089,Private,Off,0
VK2TGJ Dj, 5052292,Private,Off,0
VK2CN Rod, 5052380,Private,Off,0
VK2AIR Jeff, 5052193,Private,Off,0
VK3SNR Peter, 5053086,Private,Off,0
VK2OOO Richard, 5052053,Private,Off,0
VK3FDES Doug, 5053263,Private,Off,0
VK3APG Paul, 5053082,Private,Off,0
VK2EMM Ed, 5052125,Private,Off,0
VK2HSR Stephen, 5052351,Private,Off,0
VK2MNM Reg, 5052377,Private,Off,0
VK6FMIT Brian, 5056118,Private,Off,0
VK3WJ Jennifer, 5053235,Private,Off,0
VK4YN Lawrie, 5054127,Private,Off,0
VK3FJC Guillaume, 5053215,Private,Off,0
VK3AQJ Len, 5053269,Private,Off,0
VK4AB Robert, 5054005,Private,Off,0
VK2DAG Matt, 5052036,Private,Off,0
VK3XYX Garry, 5053163,Private,Off,0
VK4VVK Lin, 5054185,Private,Off,0
VK4MTV Dale, 5054023,Private,Off,0
VK6AG John, 5056012,Private,Off,0
VK2IJ Ian, 5052324,Private,Off,0
VK2IPT Ian, 5052111,Private,Off,0
VK3PK Lee, 5053256,Private,Off,0
VK3KQ Damian, 5053140,Private,Off,0
VK2HK Ian, 5052189,Private,Off,0
VK4SIR Peter, 5054136,Private,Off,0
VK4MAY David, 5054173,Private,Off,0
VK7PD Peter, 5057035,Private,Off,0
VK3YHT W, 5053165,Private,Off,0
VK7PLR Peter, 5057056,Private,Off,0
VK7OO Steve, 5057024,Private,Off,0
VK4AK Bruce, 5054120,Private,Off,0
VK5ZAN Peter, 5055023,Private,Off,0
VK2CZ David, 5052061,Private,Off,0
VK2DCJ Owen, 5052413,Private,Off,0
VK5XFG Andrew, 5055068,Private,Off,0
VK2KXN Nicholas, 5052113,Private,Off,0
VK2ZRJ Robert, 5052340,Private,Off,0
VK2BSY Dave, 5052151,Private,Off,0
VK3XBC Duncan, 5053074,Private,Off,0
VK7AN Allen, 5057047,Private,Off,0
VK3MIT Timothy, 5053264,Private,Off,0
VK4HAM Wayne, 5054080,Private,Off,0
VK2CIM Peter, 5052229,Private,Off,0
VK2MTM Gordon, 5052329,Private,Off,0
VK4NIX Geoffrey, 5054177,Private,Off,0
VK2FGV Shannon, 5052290,Private,Off,0
VK7KTN Norm, 5057073,Private,Off,0
VK3ZGC Gary, 5053112,Private,Off,0
VK4DW Doug, 5054124,Private,Off,0
VK2MUF Rob, 5052129,Private,Off,0
VK3LP John, 5053211,Private,Off,0
VK2QW Tony, 5052298,Private,Off,0
VK7LXX Scott, 5057066,Private,Off,0
VK2FI Nigel, 5052126,Private,Off,0
VK1AAB Stephen, 5051008,Private,Off,0
VK2FD Lindsay, 5052277,Private,Off,0
VK6NGS Grant, 5056116,Private,Off,0
VK2XDL , 5052104,Private,Off,0
VK4VTK Dennis, 5054113,Private,Off,0
VK3KIM Ken, 5053113,Private,Off,0
VK5KX Peter, 5055045,Private,Off,0
VK4AB Robert, 5054007,Private,Off,0
VK3LL R, 5053155,Private,Off,0
VK3AMP Onder, 5053242,Private,Off,0
VK3UBO Tony, 5053274,Private,Off,0
VK2ZJB Jesse, 5052334,Private,Off,0
VK2RF Raffy, 5052105,Private,Off,0
VK2PSF Alexander, 5052115,Private,Off,0
VK4ZUK Danny, 5054021,Private,Off,0
VK2LEZ Leslie, 5052274,Private,Off,0
VK3TYG Chris, 5053018,Private,Off,0
VK3JCH Craig, 5053015,Private,Off,0
VK2ICQ Paul, 5052410,Private,Off,0
VK3FPDH Peter, 5053278,Private,Off,0
VK2NZW Roma, 5052241,Private,Off,0
VK3BA Nik, 5053043,Private,Off,0
VK3EQ Rik, 5053077,Private,Off,0
VK2YMI Brendan, 5052249,Private,Off,0
VK6MAJ Chris, 5056102,Private,Off,0
VK4HAK Geoffery, 5054152,Private,Off,0
VK3MP Brett, 5053129,Private,Off,0
VK4DMH Mark, 5054009,Private,Off,0
VK4WIG Gold, 5054012,Private,Off,0
VK4BJT John, 5054015,Private,Off,0
VK4HIT Allan, 5054133,Private,Off,0
VK6DW Ian, 5056087,Private,Off,0
VK4NB Neil, 5054079,Private,Off,0
VK7ZBW Mike, 5057062,Private,Off,0
VK3HSB Peter, 5053191,Private,Off,0
VK3HSB Peter, 5053117,Private,Off,0
VK3RX Damien, 5053184,Private,Off,0
VK2AAB Be, 5052208,Private,Off,0
VK2HDX Paul, 5052009,Private,Off,0
VK2ND Ian, 5052040,Private,Off,0
VK5XY Colin, 5055037,Private,Off,0
VK5WR Bill, 5055029,Private,Off,0
VK4BAB Andrew, 5054160,Private,Off,0
VK6EH Wayne, 5056070,Private,Off,0
VK6EI Tim, 5056066,Private,Off,0
VK6YA Eddie, 5056086,Private,Off,0
VK6CD Cc, 5056081,Private,Off,0
VK6TWJ Ian, 5056132,Private,Off,0
VK2HRT Paul, 5052079,Private,Off,0
VK7IL Jack, 5057028,Private,Off,0
VK3TVZ John, 5053059,Private,Off,0
VK2MTM Gordon, 5052251,Private,Off,0
VK2GN Peter, 5052330,Private,Off,0
VK3ND Greg, 5053048,Private,Off,0
VK3EI Lino, 5053139,Private,Off,0
VK3ND Greg, 5053185,Private,Off,0
VK2PET Pete, 5052364,Private,Off,0
VK2KXX Colin, 5052122,Private,Off,0
VK2TL Scott, 5052390,Private,Off,0
VK6OK Craig, 5056011,Private,Off,0
VK3TKK Peter, 5053021,Private,Off,0
VK3HSV Max, 5053017,Private,Off,0
VK2HK Ian, 5052110,Private,Off,0
VK3FBUG Gary, 5053272,Private,Off,0
VK4QM David, 5054135,Private,Off,0
VK5SFA Steve, 5055014,Private,Off,0
VK5GY Gordon, 5055024,Private,Off,0
VK7ZCF C, 5057048,Private,Off,0
VK6LB Peter, 5056035,Private,Off,0
VK4UFO Edward, 5054121,Private,Off,0
VK3BMX Terry, 5053057,Private,Off,0
VK2PHA Nigel, 5052021,Private,Off,0
VK2VL Tony, 5052322,Private,Off,0
VK1MA Matt, 5051018,Private,Off,0
VK3MB Philip, 5053251,Private,Off,0
VK2LWB John, 5052008,Private,Off,0
VK3VDP Darrin, 5053227,Private,Off,0
VK3VCS Dave, 5053009,Private,Off,0
VK2HVA Valdis, 5052430,Private,Off,0
VK6OC Markus, 5056114,Private,Off,0
VK2BRF Ray, 5052331,Private,Off,0
VK6BG Stuart, 5056026,Private,Off,0
VK2FH Peter, 5052204,Private,Off,0
VK4RM Roy, 5054072,Private,Off,0
VK3XW Colin, 5053224,Private,Off,0
VK1KV David, 5051027,Private,Off,0
VK6AIF Peter, 5056022,Private,Off,0
VK2FI Nigel, 5052285,Private,Off,0
VK6LDX Lewis, 5056037,Private,Off,0
VK6ADF Phil, 5056097,Private,Off,0
VK3GRK Graeme, 5053098,Private,Off,0
VK6KB R, 5056046,Private,Off,0
VK1MH Matthew, 5051021,Private,Off,0
VK4TD George, 5054142,Private,Off,0
VK3ZWA Robert, 5053201,Private,Off,0
VK2VE Eric, 5052051,Private,Off,0
VK4GRA Graham, 5054134,Private,Off,0
VK2YFM Frederick, 5052176,Private,Off,0
VK3BRS Rob, 5053135,Private,Off,0
VK4EB Alan, 5054027,Private,Off,0
VK2HDE Dale, 5052347,Private,Off,0
VK5TT Tony, 5055056,Private,Off,0
VK3EQ Rik, 5053164,Private,Off,0
VK2DMH David, 5052182,Private,Off,0
VK5SFA Steve, 5055013,Private,Off,0
VK3KLI Craig, 5053151,Private,Off,0
VK2ARI Ari, 5052299,Private,Off,0
VK2HSL Steven, 5052407,Private,Off,0
VK1HAD Zikrun, 5051060,Private,Off,0
VK3LAI Martin, 5053243,Private,Off,0
VK3VKT Andrew, 5053296,Private,Off,0
VK4YKI Helmut, 5054056,Private,Off,0
VK3ZMX Markos, 5053266,Private,Off,0
VK5FO Bob, 5055065,Private,Off,0
VK5RR Ray, 5055064,Private,Off,0
VK2ICW Louis, 5052265,Private,Off,0
VK6USB Mark, 5056141,Private,Off,0
VK7HRS Trent, 5057029,Private,Off,0
VK7MA Martin, 5057033,Private,Off,0
VK2XE Greg, 5052057,Private,Off,0
VK3CJH Panagioti, 5053219,Private,Off,0
VK2LJ John, 5052004,Private,Off,0
VK3MET Craig, 5053199,Private,Off,0
VK2KO Glenn, 5052042,Private,Off,0
VK2NPW Peter, 5052140,Private,Off,0
VK2ZIW Alan, 5052170,Private,Off,0
VK4ARZ Roger, 5054217,Private,Off,0
VK7DG Dg, 5057054,Private,Off,0
VK3TEN Gordon, 5053041,Private,Off,0
VK3VLY Shaun, 5053231,Private,Off,0
VK6BD Robert, 5056123,Private,Off,0
VK1MH Matthew, 5051020,Private,Off,0
VK6US Anthony, 5056115,Private,Off,0
VK3PDG Mark, 5053294,Private,Off,0
VK2XDW Dennis, 5052132,Private,Off,0
VK2GV Shannon, 5052152,Private,Off,0
VK3MCO Chris, 5053260,Private,Off,0
VK3TJS Jacek, 5053130,Private,Off,0
VK3MHY Michael, 5053054,Private,Off,0
VK2LEZ Leslie, 5052415,Private,Off,0
VK1ZDJ Doug, 5051006,Private,Off,0
VK1EM Mark, 5051036,Private,Off,0
VK3SOL Peter, 5053137,Private,Off,0
VK2HRX , 5052052,Private,Off,0
VK3MIX Andrew, 5053079,Private,Off,0
VK2FAFG Richard, 5052165,Private,Off,0
VK3ALZ Michael, 5053218,Private,Off,0
VK2TUT Jack, 5052239,Private,Off,0
VK2THZ Simon, 5052068,Private,Off,0
VK3ICM Chris, 5053261,Private,Off,0
VK2AMV Lindsay, 5052245,Private,Off,0
VK3SLR Allan, 5053122,Private,Off,0
VK6ZGN Bob, 5056019,Private,Off,0
VK7YAD Greg, 5057065,Private,Off,0
VK2BO Richard, 5052259,Private,Off,0
VK4BS Howard, 5054034,Private,Off,0
VK2RE Mark, 5052037,Private,Off,0
VK2PSF Alex, 5052082,Private,Off,0
VK2DAP Nicholas, 5052427,Private,Off,0
VK7JD David, 5057003,Private,Off,0
VK3GQ Peter, 5053136,Private,Off,0
VK3CKC Kevin, 5053097,Private,Off,0
VK5ZZ Mark, 5055050,Private,Off,0
VK2VU Gary, 5052423,Private,Off,0
VK2AZ Hilary, 5052333,Private,Off,0
VK4SJF Sj, 5054239,Private,Off,0
VK4FDBR Damien, 5054243,Private,Off,0
VK2JHG James, 5052308,Private,Off,0
VK1DSH Dale, 5051022,Private,Off,0
VK2ZRN Dennis, 5052075,Private,Off,0
VK4GCQ Jw, 5054147,Private,Off,0
VK7NRF Bogdan, 5057038,Private,Off,0
VK4WH Wayne, 5054202,Private,Off,0
VK2OL Owen, 5052416,Private,Off,0
VK2FA Grahame, 5052250,Private,Off,0
VK3XBC Duncan, 5053119,Private,Off,0
VK2KEV Kevin, 5052070,Private,Off,0
VK1RZ Roald, 5051048,Private,Off,0
VK3TIM Tim, 5053208,Private,Off,0
VK2FJ John, 5052304,Private,Off,0
VK3EY Rob, 5053075,Private,Off,0
VK1MDP Murray, 5051007,Private,Off,0
VK2FS Nicholas, 5052373,Private,Off,0
VK6ZRW Ray, 5056014,Private,Off,0
VK6VHZ Steve, 5056016,Private,Off,0
VK3LSD Alan, 5053268,Private,Off,0
VK2YT Y, 5052294,Private,Off,0
VK6VL Bill, 5056090,Private,Off,0
VK3TAS Steven, 5053047,Private,Off,0
VK2UCT Mike, 5052445,Private,Off,0
VK7JG Joe, 5057010,Private,Off,0
VK2JDW Lewis, 5052291,Private,Off,0
VK3KHT Bill, 5053147,Private,Off,0
VK2DY Robert, 5052175,Private,Off,0
VK4SBP Bp, 5054188,Private,Off,0
VK1POP Dale, 5051053,Private,Off,0
VK7TW Justin, 5057081,Private,Off,0
VK5MAM Martin, 5055021,Private,Off,0
VK2GG Dan, 5052120,Private,Off,0
VK5ZZZ David, 5055054,Private,Off,0
VK2LJ John, 5052025,Private,Off,0
VK2YZS Zenon, 5052394,Private,Off,0
VK3KAY Doug, 5053062,Private,Off,0
VK1AAH Malcolm, 5051047,Private,Off,0
VK1XX Glen, 5051010,Private,Off,0
VK5FQ Stephanie, 5055036,Private,Off,0
VK4HG Iva, 5054052,Private,Off,0
VK1ZDJ Doug, 5051041,Private,Off,0
VK2BT Tim, 5052424,Private,Off,0
VK7DW Andrew, 5057018,Private,Off,0
VK2CRT Col, 5052262,Private,Off,0
VK7YBG Tony, 5057016,Private,Off,0
VK2EM Bruce, 5052109,Private,Off,0
VK6HX Craig, 5056109,Private,Off,0
VK3GL Graeme, 5053052,Private,Off,0
VK3BGS Denis, 5053245,Private,Off,0
VK7YAD Greg, 5057017,Private,Off,0
VK3BSP Radio, 5053254,Private,Off,0
VK7PAK Kerry, 5057032,Private,Off,0
VK6VLF Steve, 5056131,Private,Off,0
VK3XI Ian, 5053138,Private,Off,0
VK7HDM Danny, 5057069,Private,Off,0
VK7HW Herman, 5057044,Private,Off,0
VK2EAH Andrew, 5052411,Private,Off,0
VK2HFP Rick, 5052270,Private,Off,0
VK2XII Richard, 5052360,Private,Off,0
VK3PG Phil, 5053167,Private,Off,0
VK7XGW Wayne, 5057008,Private,Off,0
VK5ZAR Arno, 5055072,Private,Off,0
VK2DGH Don, 5052318,Private,Off,0
VK2ZKT Gary, 5052266,Private,Off,0
VK2ABS Benjamin, 5052062,Private,Off,0
VK1ZDP David, 5051037,Private,Off,0
VK2THZ Simon, 5052101,Private,Off,0
VK2ABG Peter, 5052035,Private,Off,0
VK2JXA Andrew, 5052145,Private,Off,0
VK3UBO Anthony, 5053223,Private,Off,0
VK3EME Mark, 5053056,Private,Off,0
VK2HJ Domenic, 5052247,Private,Off,0
VK6LOL Chris, 5056142,Private,Off,0
VK3AC Anthony, 5053126,Private,Off,0
VK6YJS Jay, 5056124,Private,Off,0
VK2AAA Tim, 5052163,Private,Off,0
VK3YAP Arnoldus, 5053065,Private,Off,0
VK7VKT Anthony, 5057027,Private,Off,0
VK3VRX Daniel, 5053040,Private,Off,0
VK2LK Matt, 5052002,Private,Off,0
VK2GPH Peter, 5052164,Private,Off,0
VK4ZGB Gary, 5054228,Private,Off,0
VK6QK Peter, 5056120,Private,Off,0
VK3XI Ian, 5053114,Private,Off,0
VK6LOT Paul, 5056027,Private,Off,0
VK3NY Craig, 5053044,Private,Off,0
VK3GP David, 5053073,Private,Off,0
VK3BJK Shane, 5053149,Private,Off,0
VK4VP Gordon, 5054075,Private,Off,0
VK2TEQ Greg, 5052205,Private,Off,0
VK4XZ Wg, 5054231,Private,Off,0
VK2DCC Dino, 5052185,Private,Off,0
VK4BQ Waratah, 5054065,Private,Off,0
VK2DAY Rod, 5052044,Private,Off,0
VK3MEG Steve, 5053212,Private,Off,0
VK5ZAR Arno, 5055043,Private,Off,0
VK3SMC Simon, 5053030,Private,Off,0
VK2XRL Ryan, 5052060,Private,Off,0
VK2JDS David, 5052096,Private,Off,0
VK2HR Robert, 5052138,Private,Off,0
VK2HQR Shane, 5052218,Private,Off,0
VK6VZZ John, 5056074,Private,Off,0
VK4QF Andrew, 5054002,Private,Off,0
VK5MAR Mcgettric, 5055007,Private,Off,0
VK2BOS Steven, 5052034,Private,Off,0
VK2ERG Earnest, 5052027,Private,Off,0
VK2JRL Robert, 5052216,Private,Off,0
VK3PTT Stephen, 5053279,Private,Off,0
VK3PEF Des, 5053096,Private,Off,0
VK2NTM Tristan, 5052261,Private,Off,0
VK7KPA Paul, 5057004,Private,Off,0
VK2GPH Peter, 5052178,Private,Off,0
VK2SKY Richard, 5052432,Private,Off,0
VK7WL Larry, 5057012,Private,Off,0
VK6KDX Jacques, 5056137,Private,Off,0
VK4QF Andrew, 5054001,Private,Off,0
VK7HDX Karl, 5057079,Private,Off,0
VK2ZW Kim, 5052228,Private,Off,0
VK4MQ Bruce, 5054214,Private,Off,0
VK3YS Neil, 5053290,Private,Off,0
VK3KRV Rv, 5053277,Private,Off,0
VK7MAJ Aj, 5057039,Private,Off,0
VK2NIK Nick, 5052281,Private,Off,0
VK6PA Peter, 5056088,Private,Off,0
VK4ALF Leonard, 5054223,Private,Off,0
VK2FGV Shannon, 5052233,Private,Off,0
VK2WOW Robert, 5052449,Private,Off,0
VK3XEM Simon, 5053033,Private,Off,0
VK4AHW Harvey, 5054235,Private,Off,0
VK4DA Bob, 5054138,Private,Off,0
VK4LGW Graeme, 5054107,Private,Off,0
VK7DY Ken, 5057025,Private,Off,0
VK3SMC Simon, 5053072,Private,Off,0
VK3AN Anthony, 5053045,Private,Off,0
VK2GJ Bob, 5052444,Private,Off,0
VK7RC Ross, 5057042,Private,Off,0
VK4CCH James, 5054024,Private,Off,0
VK4TD George, 5054155,Private,Off,0
VK3JFK Richard, 5053154,Private,Off,0
VK7KDV David, 5057022,Private,Off,0
VK2JBX Adrian, 5052230,Private,Off,0
VK6LSB Stuart, 5056058,Private,Off,0
VK5ZKR Rod, 5055008,Private,Off,0
VK4BQ Waratah, 5054054,Private,Off,0
VK2AEC Arthur, 5052303,Private,Off,0
VK6PAW Glynn, 5056036,Private,Off,0
VK4BAT Trevor, 5054174,Private,Off,0
VK3ZU Paul, 5053083,Private,Off,0
VK6VNZ Roidain, 5056065,Private,Off,0
VK7KT Graham, 5057041,Private,Off,0
VK2GG Dan, 5052114,Private,Off,0
VK3VWS Josh, 5053210,Private,Off,0
VK5ZC Michael, 5055047,Private,Off,0
VK2VIC Anthony, 5052098,Private,Off,0
VK3AG Terry, 5053217,Private,Off,0
VK3NAD Peter, 5053203,Private,Off,0
VK4NY Vic, 5054115,Private,Off,0
VK4HAS Joel, 5054100,Private,Off,0
VK3QA Howard, 5053237,Private,Off,0
VK7KWB Brian, 5057060,Private,Off,0
VK7VKS Michael, 5057046,Private,Off,0
VK7HRW Roger, 5057030,Private,Off,0
VK4NBL Peter, 5054068,Private,Off,0
VK3KBY Bk, 5053273,Private,Off,0
VK6VZS Dave, 5056057,Private,Off,0
VK2ASE Ray, 5052429,Private,Off,0
VK4MIC Daryl, 5054172,Private,Off,0
VK2PH Mark, 5052166,Private,Off,0
VK5NIK Nikko, 5055028,Private,Off,0
VK2ZZM Rod, 5052422,Private,Off,0
VK2DAY Rod, 5052103,Private,Off,0
VK3GDC Grant, 5053246,Private,Off,0
VK4NSP Shaun, 5054045,Private,Off,0
VK6HX Craig, 5056053,Private,Off,0
VK2HBV Leon, 5052342,Private,Off,0
VK4AKA Keith, 5054181,Private,Off,0
VK4FAMG Adam, 5054254,Private,Off,0
VK3ZEO Graeme, 5053271,Private,Off,0
VK2EVB Peter, 5052085,Private,Off,0
VK4ARP Jack, 5054255,Private,Off,0
VK1WN Wayne, 5051059,Private,Off,0
VK6MST Allan, 5056049,Private,Off,0
VK6EI Tim, 5056045,Private,Off,0
VK3TMK Md, 5053162,Private,Off,0
VK3FD Ian, 5053058,Private,Off,0
VK2XOR Maxwell, 5052173,Private,Off,0
VK6YI Ian, 5056071,Private,Off,0
VK7QF Ian, 5057031,Private,Off,0
VK6YBZ Harry, 5056133,Private,Off,0
VK7HSE Scott, 5057074,Private,Off,0
VK5JP Peter, 5055006,Private,Off,0
VK2DCR Douglas, 5052092,Private,Off,0
VK4PY Paul, 5054025,Private,Off,0
VK4VIP Brandon, 5054057,Private,Off,0
VK6PCB Carsten, 5056059,Private,Off,0
VK3XJ D, 5053198,Private,Off,0
VK2MK Jim, 5052121,Private,Off,0
VK2DMU David, 5052169,Private,Off,0
VK2DIO Robert, 5052177,Private,Off,0
VK2NR David, 5052441,Private,Off,0
VK2XPL Philip, 5052183,Private,Off,0
VK6ZMS Martin, 5056008,Private,Off,0
VK6GHZ Duncan, 5056005,Private,Off,0
VK3DHW Peter, 5053213,Private,Off,0
VK5ZEA Michael, 5055009,Private,Off,0
VK6NUT Gurmit, 5056050,Private,Off,0
VK6YJS Jay, 5056125,Private,Off,0
VK6MMB Michael, 5056094,Private,Off,0
VK6PM Peter, 5056052,Private,Off,0
VK2LCD Damien, 5052100,Private,Off,0
VK3PR Stewart, 5053085,Private,Off,0
VK3AS , 5053055,Private,Off,0
VK3KAY Douglas, 5053063,Private,Off,0
VK2AH Brian, 5052081,Private,Off,0
VK1BF Brian, 5051052,Private,Off,0
VK4LC Peter, 5054110,Private,Off,0
VK4IMH May, 5054242,Private,Off,0
VK2GPL Samuel, 5052367,Private,Off,0
VK2ILN Ian, 5052172,Private,Off,0
VK1OC Owen, 5051051,Private,Off,0
VK7VDC David, 5057080,Private,Off,0
VK4KP Christophe, 5054232,Private,Off,0
VK3XDM David, 5053174,Private,Off,0
VK2YU Simon, 5052452,Private,Off,0
VK2XLJ Doug, 5052090,Private,Off,0
VK4NFF Spencer, 5054216,Private,Off,0
VK2WEL George, 5052354,Private,Off,0
VK3AAB Salvatore, 5053287,Private,Off,0
VK4NBL Fauth, 5054053,Private,Off,0
VK5HTV Glenn, 5055046,Private,Off,0
VK4NW Warwick, 5054233,Private,Off,0
VK7HKN Kevin, 5057009,Private,Off,0
VK3WV Dennis, 5053101,Private,Off,0
VK3AZN GE, 5053109,Private,Off,0
VK7ZAC Ac, 5057040,Private,Off,0
VK3HRU Ryan, 5053168,Private,Off,0
VK4LHD Robert, 5054236,Private,Off,0
VK3HMV Andrew, 5053255,Private,Off,0
VK4KX Bernard, 5054226,Private,Off,0
VK3JMA Mark, 5053042,Private,Off,0
VK4ID Allan, 5054093,Private,Off,0
VK4GIS Peter, 5054184,Private,Off,0
VK2YT Tateno., 5052450,Private,Off,0
VK3GY Nigel, 5053302,Private,Off,0
VK4KK Kevin, 5054253,Private,Off,0
VK2DXN Paul, 5052418,Private,Off,0
VK2YF Frederick, 5052119,Private,Off,0
VK4SM Steven, 5054073,Private,Off,0
VK5NIK Nikko, 5055030,Private,Off,0
VK3AJA Andy, 5053153,Private,Off,0
VK2IVO Ivo, 5052433,Private,Off,0
VK4SWC Sw, 5054240,Private,Off,0
VK3GY Nigel, 5053289,Private,Off,0
VK3HCL Cohen, 5053258,Private,Off,0
VK3TQ Peter, 5053202,Private,Off,0
VK3AMC David, 5053207,Private,Off,0
VK3AP Theo, 5053084,Private,Off,0
VK6ANC Northern, 5056042,Private,Off,0
VK4PI Peter, 5054144,Private,Off,0
VK3ANT Ron, 5053145,Private,Off,0
VK2TRD Eric, 5054175,Private,Off,0
VK3AJO Joe, 5053100,Private,Off,0
VK3ZZX Oscar, 5053170,Private,Off,0
VK2TGO Geoffrey, 5052435,Private,Off,0
VK2RG Robert, 5052387,Private,Off,0
VK3APP Ronald, 5053230,Private,Off,0
VK6PR Ron, 5056110,Private,Off,0
VK6LS Stuart, 5056092,Private,Off,0
VK3NQS Colin, 5053091,Private,Off,0
VK3XEM Simon, 5053034,Private,Off,0
VK3CE Ross, 5053103,Private,Off,0
VK3FY Chris, 5053196,Private,Off,0
VK3LCD Alan, 5053181,Private,Off,0
VK2CPR Pj, 5052235,Private,Off,0
VK2YCJ Jamie, 5052320,Private,Off,0
VK2PSW Peter, 5052123,Private,Off,0
VK3PV Barry, 5053183,Private,Off,0
VK2HL Horst, 5052148,Private,Off,0
VK6SP Barry, 5056025,Private,Off,0
VK3WR John, 5053124,Private,Off,0
VK5QS Anthony, 5055049,Private,Off,0
VK5GP G, 5055067,Private,Off,0
VK2KON Con, 5052276,Private,Off,0
VK2JCC Colin, 5052043,Private,Off,0
VK4JWT John, 5054125,Private,Off,0
VK4MIH Jason, 5054141,Private,Off,0
VK2LJ John, 5052029,Private,Off,0
VK2PWR Adam, 5052252,Private,Off,0
VK2GP Colin, 5052118,Private,Off,0
VK3RM Randall, 5053060,Private,Off,0
VK3XO Adam, 5053032,Private,Off,0
VK3TE Peter, 5053002,Private,Off,0
VK2VE Eric, 5052107,Private,Off,0
VK2TU Rg, 5052345,Private,Off,0
VK4YRS Raymond, 5054178,Private,Off,0
VK6AL Anthony, 5056067,Private,Off,0
VK3TY Nick, 5053253,Private,Off,0
VK6FEEE Martin, 5056138,Private,Off,0
VK7HSE Scott, 5057086,Private,Off,0
VK4SDD Stuart, 5054179,Private,Off,0
VK2ZY Greg, 5052446,Private,Off,0
VK2AFC Fernando, 5052431,Private,Off,0
VK7HSE Scott, 5057057,Private,Off,0
VK2GST Glenn, 5052404,Private,Off,0
VK6XA Stephen, 5056076,Private,Off,0
VK6IA Andrew, 5056051,Private,Off,0
VK2NN Peter, 5052237,Private,Off,0
VK2ARS Steve, 5052074,Private,Off,0
VK2BFC Frank, 5052428,Private,Off,0
VK2BFC Frank, 5052440,Private,Off,0
VK2BMA Max, 5052139,Private,Off,0
VK2YM Benjamin, 5052357,Private,Off,0
VK2AWS Graham, 5052403,Private,Off,0
VK7ZJA Jason, 5057058,Private,Off,0
VK7ZCR Clayton, 5057005,Private,Off,0
VK4GO Art, 5054029,Private,Off,0
VK3CM Brent, 5053257,Private,Off,0
VK2TIM James, 5052076,Private,Off,0
VK4DU Glenn, 5054039,Private,Off,0
VK3TXB Matthew, 5053236,Private,Off,0
VK4ZTG Terry, 5054114,Private,Off,0
VK3HSV Max, 5053010,Private,Off,0
VK3MCK Don, 5053228,Private,Off,0
VK3ATI Adam, 5053092,Private,Off,0
VK5NAQ Peter, 5055040,Private,Off,0
VK2PCH Jack, 5052344,Private,Off,0
VK3WS Bob, 5053292,Private,Off,0
VK3AS Andy, 5053093,Private,Off,0
VK2KFJ Steven, 5052095,Private,Off,0
VK4FI Steven, 5054182,Private,Off,0
VK3RY Helen, 5053288,Private,Off,0
VK3TSC S, 5053239,Private,Off,0
VK4RY Richard, 5054102,Private,Off,0
VK2PNH Paul, 5052339,Private,Off,0
VK4FAQ Peter, 5054170,Private,Off,0
VK3KYY Roger, 5053238,Private,Off,0
